999911111540008001
999914111540018002
999914111540038002
999914111540058003
999914111540088004
999914111540138003
999914111540188001
999914111540238004
999914111540288001
999914111540388001
999914111540588003
999911111540008001
999914111540018002
999914111540018003
999914111540038002
999914111540038003
999914111540038004
999914111540058003
999914111540058004
999914111540088005
999914111540088006
999914111540088007
999914111540138004
999914111540138005
999914111540138006
999914111540138007
999914111540188002
999914111540188003
999914111540188004
999914111540238005
999914111540238006
999914111540238007
999914111540288002
999914111540288003
999914111540288004
999914111540388002
999914111540388003
999914111540388004
999914111540588004
999914111540588005
999914111540588006
999914111540338003
999914111540418001
999914111540518001
999912121500020001
999912121500030002
999912121500050003
999912121500070003
999912121500100003
999912121500150001
999912121500200001
999912121500300001
999911111510018002
999911111510028003
999911111510038001
999911111510068001
999911111510088002
999911111510138001
999911111510188001
999911111510288001
999912121500020001
999912121500020002
999912121500030002
999912121500030003
999912121500050004
999912121500050005
999912121500050006
999912121500070004
999912121500070005
999912121500070006
999912121500070007
999912121500100004
999912121500100005
999912121500100006
999912121500150002
999912121500150003
999912121500150004
999912121500200002
999912121500200003
999912121500200004
999912121500300002
999912121500300003
999912121500300004
999911111510018002
999911111510028003
999911111510038001
999911111510068001
999911111510088002
999911111510138001
999911111510188001
999911111510288001
999912111580050001
999914111540238003
999914111540258001
999914111540458001
999914111720088001
999914111720078001
999914111720088002
999914111720078002
999914111720128001
999914111720118001
999914111720108001
999914111720098001
999914111720128002
999914111720118002
999914111720108002
999914111720098002
999914111720238001
999914111720218001
999914111720208001
999914111720198001
999914111720238002
999914111720218002
999914111720208002
999914111720198002
999914111540198001
999912111710026130
999912111710008ABC
999912111710009ABC
999912111710010ABC
999912111710011ABC
999912111710018ABC
999912111710028ABC
999912120460010007
999912121550020001
999912121550030003
999912121550050003
999912121550070004
999912121550100003
999912121550150001
999912121550200001
999912121550300001
999912121550020001
999912121550020002
999912121550030003
999912121550030004
999912121550050004
999912121550050005
999912121550050006
999912121550070005
999912121550070006
999912121550070007
999912121550070008
999912121550100004
999912121550100005
999912121550100006
999912121550150002
999912121550150003
999912121550150004
999912121550200002
999912121550200003
999912121550200004
999912121550300002
999912121550300003
999912121550300004
999912120460030002
999912120460060001
999912120460090001
999912120460060002
999912120460120001
999912120460180001
999912120460090002
999912120460150001
999912120460210001
999912120460180002
999912120460300001
999912120460420001
999912120460360002
999912120460600002
999912120460840001
999912120460010003
999912120460015001
999912120460010008
999912120460009001
999912120460006001
999912120460015002
999912120460010009
999912120460009998
999912120460006002
999912120460004001
999912120460003001
999912120460010006
999912120460010010
999912120460020003
999912120460030003
999912121610020001
999912121610010001
999912121610020002
999912121610030001
999912121610050001
999912121610020003
999912121610020004
999912121610020005
999912120460009002
999912120460009003
999912120460009004
999912120460009005
999912120460009006
999912120460009007
999912120460009008
999912120460009009
999912120460009010
999912120460009011
999912120460009012
999912120460009013
999912120460009015
999912120460024002
999912120460024003
999912120460024004
999912120460024005
999912120460024006
999912120460024007
999912120460024008
999912120460024009
999912120460024010
999912120460024011
999912120460024012
999912120460024013
999912120460024015
999912120460010900
999912120460010901
999912120460010902
999912120460010903
999912120460010904
999912120460010905
999912120460010906
999912120460010907
999912120460010908
999912120460010909
999912120460010910
999912120460010911
999912120460010913
999912120460010914
999912120460018002
999912120460018003
999912120460018004
999912120460018005
999912120460018006
999912120460018007
999912120460018008
999912120460018009
999912120460018010
999912120460018011
999912120460018012
999912120460018013
999912120460018015
999912120460018014
999912120460003020
999912120460003021
999912120460003022
999912120460003023
999912120460003024
999912120460003025
999912120460003026
999912120460003027
999912120460003028
999912120460003029
999912120460006020
999912120460006021
999912120460006022
999912120460006023
999912120460006024
999912120460006025
999912120460006026
999912120460006027
999912120460006028
999912120460006029
999911111620017002
999911111620017003
999911111620017004
999911111620017005
999911111620017006
999911111620017007
999911111620017008
999911111620017009
999911111620017010
999911111620017011
999911111620017012
999911111620017013
999911111620038002
999911111620038003
999911111620038004
999911111620038005
999911111620038006
999911111620038007
999911111620038008
999911111620038009
999911111620038010
999911111620038011
999911111620038012
999911111620038013
999911111620009002
999911111620009003
999911111620009004
999911111620009005
999911111620009006
999911111620009007
999911111620009008
999911111620009009
999911111620009010
999911111620009011
999911111620009012
999911111620009013
999911111620030002
999911111620030003
999911111620030004
999911111620030005
999911111620030006
999911111620030007
999911111620030008
999911111620030009
999911111620030010
999911111620030011
999911111620030012
999911111620030013
999912120460024051
999912120460030051
999912120460036051
999912120460024052
999912120460030052
999912120460036052
999912120460020051
999912120460009051
999912120460010061
999912120460018062
999912120460018063
999912120460018064
999912120460018065
999911111620026061
999911111620026062
999911111620026063
999911111620026064
999911111620026065
999912120460360001
999912120460600001
999912121550015001
999912120460010011
999912121570006001
999912121570009001
999912121570010001
999912121570015001
999912121570005001
999912121570010002
999912121570020001
999912121570030001
999912121570050001
999912121570070001
999912121570040001
999912121570010003
999912121570020002
999912121570030002
999912121570050002
999912121570070002
999912121570100001
999912121570150001
999912121570200001
999912121570300001
999912121570015002
999912121570010004
999912121570009002
999912121570006002
999912121570004001
999912121570003001
999912121570010005
999912121570090001
999912121570150002
999912121570210001
999912121570180001
999912121570300002
999912121570420001
999912121570360001
999912121570600001
999912121570840001
999912121570360002
999912121570600002
999912121570000001
999912121570000002
999912121570000003
999912121570000004
999912121570015003
999912121570010006
999912121570010007
999912120540020001
999912120540055001
999912120540100001
999912120540175001
